229
0 0 8.536e-17 0
1 0 8.536e-17 0
2 0 8.536e-17 0
3 0 4.436e-16 0
4 0 4.436e-16 0
5 0 4.436e-16 0
6 0 8.536e-17 0
7 0 8.536e-17 0
8 0 8.536e-17 0
9 0 4.436e-16 0
10 0 4.436e-16 0
11 0 4.436e-16 0
12 0 8.536e-17 0
13 0 8.536e-17 0
14 0 8.536e-17 0
15 0 5.272e-16 0
16 0 5.272e-16 0
17 0 5.272e-16 0
18 0 8.536e-17 0
19 0 8.536e-17 0
20 0 8.536e-17 0
21 0 4.436e-16 0
22 0 4.436e-16 0
23 0 4.436e-16 0
26 0 3.83901e-15 0
28 0 3.98901e-15 0
29 0 7.08088e-15 0
31 0 5.65972e-15 0
32 0 5.57604e-15 0
36 0 7.3219e-16 0
38 0 1.34869e-15 0
39 0 7.3219e-16 0
41 0 1.10514e-15 0
42 0 7.3219e-16 0
43 0 9.9209e-16 0
44 0 8.498e-17 0
45 0 7.65383e-16 0
46 0 4.52619e-15 0
47 0 8.498e-17 0
48 0 7.65383e-16 0
49 0 8.498e-17 0
50 0 4.903e-16 0
51 0 4.52619e-15 0
52 0 7.65383e-16 0
53 0 4.62151e-15 0
54 0 4.903e-16 0
55 0 4.903e-16 0
56 0 7.65383e-16 0
57 0 8.498e-17 0
58 0 7.65383e-16 0
59 0 8.498e-17 0
60 0 7.65383e-16 0
61 0 8.498e-17 0
62 0 4.903e-16 0
63 0 4.903e-16 0
64 0 4.903e-16 0
65 0 6.0147e-16 0
66 0 6.0147e-16 0
67 0 6.0147e-16 0
68 0 6.0147e-16 0
69 0 6.0147e-16 0
70 0 6.0147e-16 0
71 0 8.498e-17 0
72 0 7.65383e-16 0
73 0 1.70044e-14 0
74 0 8.498e-17 0
75 0 5.6888e-16 0
76 0 7.65383e-16 0
77 0 8.498e-17 0
78 0 4.903e-16 0
79 0 1.60936e-14 0
80 0 7.65383e-16 0
81 0 9.28358e-15 0
82 0 4.903e-16 0
83 0 4.903e-16 0
84 0 4.62151e-15 0
85 0 7.65383e-16 0
86 0 4.52619e-15 0
87 0 8.498e-17 0
88 0 7.65383e-16 0
89 0 4.52619e-15 0
90 0 8.498e-17 0
91 0 7.65383e-16 0
92 0 8.498e-17 0
93 0 9.6728e-16 0
94 0 4.903e-16 0
95 0 4.903e-16 0
96 0 4.903e-16 0
97 0 9.9209e-16 0
98 0 7.3219e-16 0
100 0 1.10514e-15 0
101 0 7.3219e-16 0
102 0 9.9004e-16 0
103 0 1.34869e-15 0
105 0 7.3219e-16 0
106 0 1.46326e-15 0
110 0 6.9664e-16 0
111 0 5.63895e-15 0
112 0 1.47322e-15 0
114 0 5.62714e-15 0
115 0 9.16231e-15 0
116 0 5.62828e-15 0
118 0 4.09875e-15 0
119 0 3.83901e-15 0
122 0 1.27168e-15 0
123 0 7.25672e-15 0
124 0 7.44095e-15 0
125 0 1.19182e-15 0
126 0 9.6728e-16 0
127 0 9.9004e-16 0
128 0 1.58864e-15 0
129 0 6.9664e-16 0
130 0 1.47322e-15 0
131 0 8.5288e-16 0
132 0 1.35311e-14 0
133 0 4.60791e-14 0
134 0 6.9664e-16 0
135 0 7.9496e-16 0
136 0 1.19182e-15 0
137 0 1.29806e-15 0
138 0 9.9004e-16 0
139 0 1.1169e-15 0
140 0 7.405e-15 0
141 0 6.84565e-15 0
142 0 6.9664e-16 0
143 0 6.9664e-16 0
144 0 1.27168e-15 0
145 0 1.27168e-15 0
146 0 9.9004e-16 0
147 0 9.9004e-16 0
148 0 5.6888e-16 0
149 0 6.1804e-16 0
150 0 2.58128e-14 0
151 0 2.22773e-14 0
152 0 5.6888e-16 0
153 0 6.9664e-16 0
154 0 9.9004e-16 0
155 0 1.19182e-15 0
156 0 6.9664e-16 0
157 0 9.9004e-16 0
158 0 1.27168e-15 0
159 0 7.71916e-15 0
160 0 6.97973e-15 0
161 0 1.19182e-15 0
162 0 6.9664e-16 0
163 0 9.9004e-16 0
164 0 1.27168e-15 0
165 0 6.9664e-16 0
166 0 9.9004e-16 0
167 0 2.1565e-14 0
168 0 6.1804e-16 0
169 0 3.39051e-14 0
170 0 3.37988e-14 0
171 0 2.10136e-14 0
172 0 2.44431e-14 0
173 0 1.83689e-14 0
174 0 2.27335e-14 0
175 0 6.9664e-16 0
176 0 7.9496e-16 0
177 0 6.9664e-16 0
178 0 7.9496e-16 0
179 0 1.19182e-15 0
180 0 1.29806e-15 0
181 0 1.19182e-15 0
182 0 1.60696e-15 0
183 0 9.9004e-16 0
184 0 1.1169e-15 0
185 0 9.9004e-16 0
186 0 1.1169e-15 0
187 0 7.29109e-15 0
188 0 7.58168e-15 0
189 0 6.95513e-15 0
190 0 6.84873e-15 0
191 0 6.9664e-16 0
192 0 6.9664e-16 0
193 0 6.9664e-16 0
194 0 6.9664e-16 0
195 0 1.27168e-15 0
196 0 1.27168e-15 0
197 0 1.27168e-15 0
198 0 1.27168e-15 0
199 0 9.9004e-16 0
200 0 9.9004e-16 0
201 0 9.9004e-16 0
202 0 9.9004e-16 0
203 0 5.6888e-16 0
204 0 6.1804e-16 0
205 0 5.6888e-16 0
206 0 6.1804e-16 0
207 0 1.1252e-16 0
208 0 1.02094e-15 0
209 0 1.1003e-15 0
210 0 2.58966e-15 0
211 0 4.55038e-13 0
212 0 2.5076e-16 0
213 0 2.58966e-15 0
214 0 5.43623e-16 0
215 0 1.1252e-16 0
216 0 2.646e-16 0
217 0 2.58966e-15 0
218 0 1.1252e-16 0
219 0 2.016e-16 0
220 0 1.1252e-16 0
221 0 1.31593e-15 0
222 0 1.34704e-15 0
223 0 1.1252e-16 0
224 0 1.34704e-15 0
225 0 1.27743e-13 0
226 0 1.1252e-16 0
227 0 1.02094e-15 0
228 0 5.3636e-16 0
229 0 1.34704e-15 0
